15 0.345775 0.500000 0.035211 0.202492
15 0.379577 0.503115 0.035211 0.202492
15 0.410563 0.503115 0.035211 0.202492
15 0.444366 0.506231 0.035211 0.202492
15 0.258451 0.496885 0.035211 0.202492
15 0.230282 0.496885 0.035211 0.202492
15 0.200704 0.500000 0.035211 0.202492
15 0.172535 0.492212 0.032394 0.199377
15 0.121127 0.490654 0.033803 0.183801
15 0.145775 0.501558 0.032394 0.199377
15 0.120423 0.781931 0.032394 0.199377
15 0.093662 0.788162 0.032394 0.199377
15 0.069718 0.785047 0.032394 0.199377
15 0.150000 0.781931 0.032394 0.199377
15 0.179577 0.800623 0.032394 0.199377
15 0.209155 0.797508 0.032394 0.199377
15 0.240141 0.797508 0.032394 0.199377
15 0.171831 0.191589 0.022535 0.090343
15 0.150000 0.190031 0.015493 0.099688
15 0.135211 0.188474 0.022535 0.090343
15 0.114085 0.182243 0.022535 0.090343
15 0.092958 0.176012 0.022535 0.090343
15 0.074648 0.188474 0.022535 0.090343
15 0.169014 0.285047 0.022535 0.090343
15 0.147887 0.288162 0.022535 0.090343
15 0.128169 0.281931 0.022535 0.090343
15 0.112676 0.278816 0.022535 0.090343
