15 0.357500 0.556569 0.078333 0.244526
15 0.432500 0.552920 0.078333 0.244526
15 0.504167 0.552920 0.078333 0.244526
15 0.580833 0.545620 0.078333 0.244526
15 0.647500 0.563869 0.078333 0.244526
15 0.284167 0.556569 0.078333 0.244526
15 0.204167 0.538321 0.078333 0.244526
15 0.132500 0.545620 0.078333 0.244526
15 0.057500 0.538321 0.078333 0.244526
15 0.720833 0.551095 0.065000 0.240876
15 0.785833 0.554745 0.065000 0.240876
15 0.854167 0.562044 0.065000 0.240876
15 0.915833 0.554745 0.065000 0.240876
