15 0.552778 0.626741 0.027778 0.144847
15 0.586111 0.623955 0.027778 0.144847
15 0.610185 0.623955 0.027778 0.144847
15 0.641667 0.618384 0.027778 0.144847
15 0.673148 0.621170 0.027778 0.144847
15 0.697222 0.629526 0.027778 0.144847
15 0.491667 0.629526 0.027778 0.144847
15 0.463889 0.626741 0.027778 0.144847
15 0.428704 0.632312 0.027778 0.144847
15 0.399074 0.626741 0.027778 0.144847
15 0.369444 0.626741 0.027778 0.144847
15 0.341667 0.632312 0.027778 0.144847
15 0.312037 0.626741 0.027778 0.144847
15 0.280556 0.621170 0.027778 0.144847
