15 0.261458 0.491228 0.041667 0.214035
15 0.304167 0.488596 0.041667 0.212281
15 0.343750 0.486842 0.041667 0.208772
15 0.385937 0.486842 0.038542 0.212281
15 0.219792 0.483333 0.041667 0.219298
15 0.427604 0.490351 0.042708 0.215789
15 0.470313 0.490351 0.042708 0.208772
15 0.510417 0.490351 0.039583 0.215789
15 0.551042 0.489474 0.043750 0.207018
15 0.588542 0.490351 0.033333 0.212281
15 0.627604 0.487719 0.040625 0.207018
15 0.668750 0.482456 0.043750 0.210526
15 0.710938 0.484211 0.042708 0.217544
15 0.175521 0.485965 0.044792 0.217544
15 0.129688 0.481579 0.046875 0.215789
15 0.244271 0.171930 0.032292 0.087719
15 0.277083 0.169298 0.033333 0.082456
15 0.310937 0.170175 0.034375 0.087719
15 0.342187 0.170175 0.032292 0.084211
15 0.243750 0.263158 0.031250 0.084211
15 0.276562 0.265789 0.032292 0.089474
15 0.309896 0.257018 0.030208 0.096491
15 0.342187 0.257895 0.030208 0.087719
15 0.382292 0.237719 0.039583 0.121053
15 0.423958 0.242105 0.039583 0.129825
15 0.467187 0.241228 0.036458 0.135088
15 0.207813 0.242982 0.040625 0.135088
15 0.110417 0.246491 0.043750 0.124561
15 0.701042 0.238596 0.039583 0.126316
15 0.742188 0.238596 0.038542 0.129825
15 0.783333 0.239474 0.035417 0.124561
15 0.699479 0.123684 0.042708 0.121053
15 0.742708 0.124561 0.039583 0.122807
15 0.783333 0.121930 0.041667 0.110526
15 0.503646 0.258772 0.030208 0.092982
15 0.535417 0.257018 0.033333 0.096491
15 0.568750 0.257895 0.031250 0.094737
15 0.600000 0.258772 0.031250 0.092982
15 0.631771 0.257895 0.032292 0.101754
15 0.664062 0.257018 0.032292 0.096491
15 0.502083 0.174561 0.035417 0.082456
15 0.534896 0.169298 0.032292 0.085965
15 0.567708 0.171053 0.031250 0.089474
15 0.600000 0.171053 0.031250 0.085965
15 0.632292 0.171930 0.031250 0.080702
15 0.664583 0.171930 0.031250 0.077193
