15 0.393750 0.349057 0.028125 0.207547
15 0.443750 0.339623 0.028125 0.201258
15 0.475000 0.342767 0.028125 0.201258
15 0.506250 0.345912 0.028125 0.201258
15 0.532813 0.342767 0.028125 0.201258
15 0.556250 0.345912 0.028125 0.201258
15 0.592187 0.342767 0.028125 0.201258
15 0.451562 0.801887 0.028125 0.201258
15 0.415625 0.795597 0.028125 0.201258
15 0.385937 0.795597 0.028125 0.201258
15 0.356250 0.789308 0.028125 0.201258
15 0.321875 0.786164 0.028125 0.201258
15 0.357812 0.577044 0.034375 0.172956
15 0.328125 0.573899 0.034375 0.172956
15 0.478125 0.801887 0.034375 0.207547
15 0.512500 0.798742 0.034375 0.207547
15 0.540625 0.808176 0.034375 0.207547
15 0.567187 0.801887 0.034375 0.207547
15 0.596875 0.805031 0.034375 0.207547
