15 0.605172 0.221204 0.062069 0.253927
15 0.656897 0.221204 0.062069 0.253927
15 0.715517 0.215969 0.062069 0.253927
15 0.772414 0.210733 0.062069 0.253927
15 0.832759 0.208115 0.062069 0.253927
15 0.889655 0.215969 0.062069 0.253927
15 0.886207 0.624346 0.062069 0.253927
15 0.831034 0.632199 0.062069 0.253927
15 0.777586 0.645288 0.062069 0.253927
15 0.722414 0.642670 0.062069 0.253927
15 0.539655 0.231675 0.062069 0.253927
15 0.486207 0.229058 0.062069 0.253927
15 0.425862 0.236911 0.062069 0.253927
15 0.367241 0.226440 0.062069 0.253927
