15 0.397917 0.504386 0.047917 0.198830
15 0.443750 0.503655 0.047917 0.194444
15 0.490625 0.501462 0.041667 0.190058
15 0.536979 0.503655 0.044792 0.188596
15 0.582292 0.500731 0.045833 0.182749
15 0.295833 0.503655 0.050000 0.206140
15 0.532813 0.255848 0.051042 0.190058
15 0.481250 0.250000 0.050000 0.198830
15 0.429167 0.248538 0.052083 0.190058
15 0.376563 0.244152 0.057292 0.195906
15 0.583333 0.255117 0.045833 0.200292
15 0.628646 0.260965 0.044792 0.188596
15 0.672396 0.259503 0.042708 0.182749
15 0.715104 0.263158 0.042708 0.184211
15 0.755729 0.269737 0.038542 0.185673
15 0.792188 0.269006 0.038542 0.181287
15 0.833333 0.269737 0.039583 0.179825
15 0.870313 0.270468 0.040625 0.178363
15 0.243229 0.499269 0.051042 0.206140
15 0.191146 0.501462 0.051042 0.207602
15 0.134375 0.501462 0.056250 0.210526
15 0.078125 0.502193 0.060417 0.214912
15 0.211979 0.231725 0.063542 0.211988
15 0.267708 0.236111 0.052083 0.209064
15 0.322396 0.236111 0.053125 0.203216
15 0.151042 0.230263 0.056250 0.214912
15 0.712500 0.090643 0.035417 0.070175
15 0.748437 0.095029 0.034375 0.067251
15 0.783333 0.102339 0.035417 0.070175
15 0.818750 0.108187 0.033333 0.064327
