15 0.700833 0.243280 0.045000 0.131720
15 0.749167 0.240591 0.055000 0.131720
15 0.798333 0.239247 0.040000 0.123656
15 0.690833 0.368280 0.055000 0.134409
15 0.738333 0.365591 0.046667 0.139785
15 0.785833 0.366935 0.055000 0.142473
15 0.841667 0.372312 0.053333 0.147849
15 0.895000 0.237903 0.053333 0.142473
15 0.843333 0.241935 0.050000 0.129032
15 0.745833 0.770161 0.068333 0.368280
15 0.679167 0.764785 0.065000 0.368280
15 0.808333 0.772849 0.056667 0.379032
15 0.884167 0.778226 0.091667 0.368280
15 0.519167 0.744624 0.071667 0.327957
15 0.455000 0.735215 0.053333 0.357527
15 0.398333 0.733871 0.060000 0.344086
15 0.339167 0.739247 0.061667 0.327957
