15 0.549479 0.361111 0.036458 0.152778
15 0.585417 0.360417 0.035417 0.156944
15 0.621875 0.361806 0.033333 0.151389
15 0.656771 0.360417 0.032292 0.148611
15 0.693750 0.363889 0.037500 0.155556
15 0.732292 0.365278 0.037500 0.155556
15 0.473438 0.352778 0.036458 0.152778
15 0.436979 0.350000 0.036458 0.152778
15 0.399479 0.351389 0.036458 0.152778
15 0.330729 0.350000 0.036458 0.152778
15 0.289062 0.345833 0.040625 0.147222
15 0.308333 0.524306 0.033333 0.143056
15 0.342708 0.527083 0.035417 0.145833
15 0.380208 0.531944 0.037500 0.147222
15 0.446354 0.529861 0.034375 0.143056
15 0.276042 0.526389 0.037500 0.147222
15 0.244792 0.522222 0.037500 0.147222
15 0.209375 0.526389 0.037500 0.147222
15 0.475521 0.530556 0.028125 0.141667
15 0.504687 0.534028 0.034375 0.143056
15 0.535937 0.531250 0.034375 0.143056
15 0.566146 0.536111 0.032292 0.138889
15 0.598437 0.534722 0.032292 0.138889
15 0.629167 0.542361 0.033333 0.126389
15 0.661458 0.539583 0.033333 0.126389
15 0.695833 0.543750 0.033333 0.126389
15 0.655729 0.184028 0.040625 0.101389
15 0.744271 0.188194 0.032292 0.101389
15 0.715104 0.188194 0.032292 0.101389
15 0.691146 0.185417 0.032292 0.101389
15 0.542188 0.174306 0.038542 0.106944
15 0.577604 0.174306 0.038542 0.106944
15 0.615104 0.179861 0.038542 0.106944
15 0.502604 0.172917 0.038542 0.106944
15 0.570833 0.707639 0.033333 0.120833
15 0.532292 0.703472 0.033333 0.120833
15 0.501042 0.704861 0.033333 0.120833
15 0.460417 0.701389 0.039583 0.130556
15 0.426042 0.703472 0.033333 0.120833
15 0.606250 0.706250 0.033333 0.120833
15 0.638542 0.707639 0.033333 0.120833
15 0.668750 0.707639 0.033333 0.120833
15 0.695833 0.704861 0.033333 0.120833
15 0.796875 0.394444 0.037500 0.069444
15 0.763542 0.393056 0.037500 0.069444
15 0.785937 0.285417 0.036458 0.087500
15 0.815104 0.281944 0.023958 0.080556
15 0.843229 0.284028 0.030208 0.076389
15 0.878646 0.286806 0.036458 0.079167
15 0.911458 0.288889 0.027083 0.083333
15 0.938542 0.288889 0.027083 0.083333
15 0.938021 0.166667 0.040625 0.091667
15 0.789583 0.161806 0.045833 0.093056
15 0.782292 0.706944 0.052083 0.113889
