15 0.072500 0.358839 0.048333 0.195251
15 0.238333 0.637203 0.036667 0.166227
15 0.277500 0.633245 0.041667 0.168865
15 0.201667 0.634565 0.036667 0.155673
15 0.165000 0.631926 0.033333 0.166227
15 0.127500 0.638522 0.045000 0.163588
15 0.086667 0.630607 0.033333 0.179420
15 0.273333 0.358839 0.050000 0.189974
15 0.230833 0.361478 0.041667 0.189974
15 0.190833 0.354881 0.041667 0.176781
15 0.150833 0.358839 0.041667 0.189974
15 0.271667 0.150396 0.026667 0.079156
15 0.300000 0.154354 0.033333 0.087071
15 0.330833 0.153034 0.028333 0.084433
15 0.734167 0.364116 0.041667 0.184697
15 0.775833 0.364116 0.038333 0.174142
15 0.809167 0.358839 0.035000 0.168865
15 0.845000 0.362797 0.036667 0.160950
15 0.882500 0.361478 0.038333 0.168865
15 0.918333 0.361478 0.033333 0.168865
15 0.585833 0.362797 0.035000 0.176781
15 0.620000 0.364116 0.030000 0.179420
