15 0.366667 0.474852 0.026667 0.121302
15 0.391667 0.477811 0.026667 0.121302
15 0.413333 0.477811 0.026667 0.121302
15 0.436667 0.477811 0.026667 0.121302
15 0.460000 0.471893 0.026667 0.121302
15 0.480000 0.474852 0.026667 0.121302
15 0.498333 0.473373 0.023333 0.136095
15 0.521667 0.476331 0.023333 0.136095
15 0.541667 0.470414 0.023333 0.136095
15 0.570000 0.488166 0.023333 0.136095
15 0.586667 0.491124 0.023333 0.136095
15 0.610000 0.485207 0.023333 0.136095
15 0.631667 0.488166 0.023333 0.136095
15 0.648333 0.491124 0.023333 0.136095
15 0.676667 0.488166 0.023333 0.136095
15 0.695000 0.494083 0.023333 0.136095
15 0.715000 0.494083 0.023333 0.136095
15 0.736667 0.494083 0.023333 0.136095
15 0.760000 0.488166 0.023333 0.136095
15 0.670000 0.650888 0.023333 0.136095
15 0.361667 0.644970 0.023333 0.136095
15 0.176667 0.488166 0.023333 0.136095
15 0.776667 0.662722 0.023333 0.136095
