15 0.812687 0.511029 0.046269 0.237745
15 0.769403 0.506127 0.046269 0.237745
15 0.730597 0.506127 0.046269 0.237745
15 0.684328 0.501225 0.046269 0.237745
15 0.644030 0.498775 0.046269 0.237745
15 0.605224 0.501225 0.046269 0.237745
15 0.933582 0.513480 0.046269 0.237745
15 0.973881 0.515931 0.046269 0.237745
15 0.891791 0.518382 0.046269 0.237745
15 0.850000 0.511029 0.046269 0.237745
15 0.845522 0.839461 0.046269 0.237745
15 0.893284 0.837010 0.046269 0.237745
15 0.806716 0.839461 0.046269 0.237745
15 0.769403 0.839461 0.046269 0.237745
15 0.721642 0.841912 0.046269 0.237745
15 0.681343 0.839461 0.046269 0.237745
15 0.255970 0.843137 0.046269 0.191176
15 0.211194 0.840686 0.046269 0.191176
15 0.173881 0.848039 0.046269 0.191176
15 0.130597 0.843137 0.046269 0.191176
15 0.090299 0.852941 0.046269 0.191176
15 0.051493 0.838235 0.046269 0.191176
15 0.161194 0.515931 0.041791 0.218137
15 0.201493 0.520833 0.041791 0.218137
15 0.244776 0.520833 0.041791 0.218137
15 0.282090 0.523284 0.041791 0.218137
