15 0.488000 0.467391 0.056000 0.263975
15 0.432000 0.473602 0.056000 0.263975
15 0.372000 0.464286 0.056000 0.263975
15 0.318000 0.467391 0.056000 0.263975
15 0.544000 0.467391 0.056000 0.263975
15 0.600000 0.470497 0.056000 0.263975
15 0.656000 0.464286 0.056000 0.263975
15 0.716000 0.461180 0.056000 0.263975
15 0.770000 0.470497 0.056000 0.263975
15 0.266000 0.473602 0.056000 0.263975
15 0.210000 0.479814 0.056000 0.263975
15 0.156000 0.461180 0.056000 0.263975
15 0.098000 0.473602 0.056000 0.263975
15 0.042000 0.461180 0.056000 0.263975
15 0.039000 0.875776 0.058000 0.242236
15 0.095000 0.872671 0.058000 0.242236
15 0.149000 0.877329 0.058000 0.245342
15 0.201000 0.877329 0.058000 0.245342
15 0.255000 0.871118 0.058000 0.245342
15 0.317000 0.877329 0.058000 0.245342
15 0.371000 0.877329 0.058000 0.245342
15 0.427000 0.877329 0.058000 0.245342
15 0.485000 0.877329 0.058000 0.245342
15 0.539000 0.877329 0.058000 0.245342
15 0.587000 0.874224 0.058000 0.245342
15 0.651000 0.877329 0.058000 0.245342
15 0.472000 0.125776 0.056000 0.152174
15 0.530000 0.125776 0.056000 0.152174
15 0.584000 0.122671 0.056000 0.152174
15 0.636000 0.128882 0.056000 0.152174
15 0.696000 0.122671 0.056000 0.152174
15 0.406000 0.133540 0.052000 0.124224
15 0.360000 0.127329 0.052000 0.124224
15 0.320000 0.142857 0.052000 0.124224
15 0.274000 0.133540 0.052000 0.124224
15 0.232000 0.139752 0.052000 0.124224
15 0.188000 0.136646 0.052000 0.124224
15 0.144000 0.136646 0.052000 0.124224
15 0.100000 0.130435 0.052000 0.124224
15 0.058000 0.124224 0.052000 0.124224
