15 0.592500 0.332512 0.041667 0.098522
15 0.545833 0.332512 0.041667 0.098522
15 0.505833 0.337438 0.041667 0.098522
15 0.465833 0.334975 0.041667 0.098522
15 0.422500 0.332512 0.041667 0.098522
15 0.539167 0.081281 0.041667 0.098522
15 0.579167 0.081281 0.041667 0.098522
15 0.620833 0.081281 0.041667 0.098522
15 0.657500 0.078818 0.041667 0.098522
15 0.697500 0.083744 0.041667 0.098522
15 0.739167 0.081281 0.041667 0.098522
15 0.777500 0.083744 0.041667 0.098522
15 0.821667 0.066502 0.056667 0.128079
15 0.871667 0.070197 0.056667 0.130542
15 0.923333 0.070197 0.056667 0.130542
15 0.971667 0.066502 0.056667 0.128079
15 0.499167 0.083744 0.041667 0.098522
15 0.465833 0.078818 0.041667 0.098522
15 0.425833 0.078818 0.041667 0.098522
15 0.389167 0.076355 0.041667 0.098522
15 0.345833 0.081281 0.041667 0.098522
15 0.802500 0.342365 0.041667 0.098522
15 0.764167 0.342365 0.041667 0.098522
15 0.722500 0.337438 0.041667 0.098522
15 0.677500 0.337438 0.041667 0.098522
15 0.632500 0.344828 0.041667 0.098522
15 0.712500 0.567734 0.048333 0.238916
15 0.660833 0.572660 0.048333 0.238916
15 0.765000 0.572660 0.050000 0.248768
15 0.822500 0.565271 0.061667 0.253695
15 0.890833 0.570197 0.061667 0.253695
15 0.944167 0.567734 0.061667 0.253695
15 0.603333 0.570197 0.053333 0.233990
15 0.556667 0.557882 0.053333 0.233990
15 0.469167 0.565271 0.061667 0.233990
