0 0.855556 0.704444 0.191111 0.306667
0 0.704444 0.706667 0.120000 0.328889
0 0.586667 0.695556 0.133333 0.306667
0 0.440000 0.728889 0.133333 0.213333
0 0.328889 0.728889 0.133333 0.213333
0 0.180000 0.742222 0.191111 0.142222
0 0.844444 0.435556 0.186667 0.240000
0 0.695556 0.431111 0.102222 0.240000
0 0.586667 0.442222 0.115556 0.244444
0 0.182222 0.526667 0.142222 0.271111
0 0.277778 0.528889 0.102222 0.266667
0 0.377778 0.508889 0.097778 0.235556
0 0.491111 0.520000 0.120000 0.213333
0 0.477778 0.324444 0.128889 0.204444
0 0.360000 0.320000 0.115556 0.177778
