0 0.388060 0.300000 0.101493 0.560000
0 0.561194 0.303333 0.089552 0.553333
0 0.647761 0.283333 0.089552 0.553333
0 0.474627 0.296667 0.083582 0.566667
0 0.752239 0.286667 0.095522 0.560000
0 0.844776 0.310000 0.095522 0.566667
0 0.944776 0.300000 0.110448 0.586667
0 0.298507 0.300000 0.101493 0.586667
0 0.223881 0.296667 0.089552 0.580000
0 0.147761 0.303333 0.098507 0.566667
0 0.174627 0.820000 0.080597 0.360000
0 0.252239 0.820000 0.080597 0.360000
0 0.329851 0.820000 0.080597 0.360000
0 0.404478 0.820000 0.080597 0.360000
0 0.491045 0.820000 0.080597 0.360000
0 0.562687 0.820000 0.080597 0.360000
0 0.652239 0.820000 0.080597 0.360000
0 0.738806 0.820000 0.080597 0.360000
0 0.832836 0.820000 0.095522 0.360000
0 0.938806 0.820000 0.110448 0.360000
