0 0.220000 0.497778 0.297778 0.613333
0 0.446667 0.862222 0.093333 0.195556
0 0.544444 0.862222 0.093333 0.195556
0 0.646667 0.866667 0.093333 0.195556
0 0.846667 0.693333 0.093333 0.195556
0 0.757778 0.697778 0.093333 0.195556
0 0.642222 0.684444 0.093333 0.195556
0 0.544444 0.675556 0.093333 0.195556
0 0.446667 0.680000 0.093333 0.195556
0 0.442222 0.502222 0.093333 0.195556
0 0.540000 0.506667 0.093333 0.195556
0 0.651111 0.502222 0.093333 0.195556
0 0.842222 0.500000 0.102222 0.191111
0 0.744444 0.497778 0.093333 0.195556
0 0.651111 0.320000 0.093333 0.195556
0 0.740000 0.320000 0.093333 0.195556
0 0.835556 0.311111 0.106667 0.195556
0 0.848889 0.120000 0.106667 0.195556
0 0.746667 0.124444 0.106667 0.195556
0 0.648889 0.120000 0.106667 0.195556
0 0.542222 0.311111 0.106667 0.195556
0 0.440000 0.302222 0.106667 0.195556
0 0.440000 0.120000 0.106667 0.195556
0 0.537778 0.115556 0.106667 0.195556
