0 0.528620 0.367647 0.107744 0.605882
0 0.639731 0.367647 0.107744 0.605882
0 0.752525 0.226471 0.111111 0.358824
0 0.867003 0.232353 0.111111 0.358824
0 0.740741 0.564706 0.094276 0.329412
0 0.831650 0.564706 0.094276 0.329412
0 0.929293 0.558824 0.094276 0.329412
0 0.829966 0.814706 0.138047 0.276471
0 0.715488 0.794118 0.097643 0.282353
0 0.627946 0.800000 0.097643 0.282353
0 0.537037 0.811765 0.097643 0.282353
0 0.449495 0.811765 0.097643 0.282353
0 0.407407 0.679412 0.087542 0.335294
0 0.319865 0.676471 0.087542 0.341176
0 0.235690 0.682353 0.087542 0.341176
0 0.424242 0.388235 0.107744 0.564706
0 0.318182 0.317647 0.124579 0.482353
0 0.166667 0.541176 0.117845 0.564706
0 0.058923 0.547059 0.111111 0.564706
0 0.213805 0.288235 0.117845 0.411765
0 0.104377 0.205882 0.127946 0.247059
